1110108550837059586
1126738342529220730
582952123709521940
1284098737307779192
1137965687529283674
1137965713143894137
1313064716821856278
1263530192886829056
1275499046210895984
1209925258585571399
1209926199019569303
1303669927760101397
1344387332324855879
606071749657755670
1141663926820552717
1354019462617235487
1351975159162077286
1360021038796374056
1296867262166204480
1052616497312317444
1051876745684455551
1276815179299946566
1359446739697799329
1358819208456048892
1260190285204557824
1230213097730347071
1260538908089913384
1260539361892630589
1218663243573362781
1356245748056064111
1246756522415886346
1308928123177537608
1093090945693667388
1227100860979347456
1282403819262705726
1227100545265700906
1209719681754071141
1039182396450414653
1039183358573432863
1251138043524415509
1362155056064889052
